10000|1|0|admin|123|11111111111|admin@library.com|100|100|
10001|1|0|admin2|123|11111111444|admin2@library.com|100|100|
10002|2|1|reader1|123|33333333333|reader1@library.com|100|100|
10003|2|1|reader2|123|44444444444|reader2@library.com|100|100|
10004|2|1|reader3|123|55555555555|reader3@library.com|100|100|
10005|2|1|reader4|123|66666666666|reader4@library.com|100|100|
10006|2|2|reader5|123|77777777777|reader5@library.com|100|100|
10007|2|2|reader6|123|88888888888|reader6@library.com|100|100|
10008|2|2|reader7|123|99999999999|reader7@library.com|100|100|
10009|2|2|reader8|123|10101010101|reader8@library.com|100|100|
10010|2|3|reader9|123|1111111119|reader9@library.com|100|100|
10011|2|3|reader10|123|11111111114|reader10@library.com|100|100|
10012|2|3|reader11|123|11111111115|reader11@library.com|100|100|
10013|2|3|reader12|123|11111111116|reader12@library.com|100|100|
